Exchange_336_96_DLinear_custom_ftM_sl336_ll48_pl96_dm512_nh8_el2_dl1_df2048_fc1_ebtimeF_dtTrue_Exp_0  
mse:0.0806451141834259, mae:0.2029162496328354, rse:0.2160225659608841, corr:[0.2563184  0.25604016 0.25585094 0.255647   0.25536013 0.25514075
 0.25480202 0.25477856 0.25467777 0.2544065  0.25428316 0.2544441
 0.25454247 0.25449777 0.2544918  0.25446403 0.2545544  0.25460705
 0.25454122 0.2546915  0.25469506 0.25478888 0.2548043  0.25474232
 0.2545743  0.25453106 0.25444978 0.25444886 0.25450677 0.25456622
 0.25453824 0.25454542 0.25455582 0.25448728 0.25436434 0.25437492
 0.2542828  0.25413102 0.25402835 0.25398663 0.2537907  0.25368193
 0.253435   0.2533264  0.2532105  0.2530407  0.25298366 0.25285774
 0.2529394  0.2529187  0.25294736 0.2529442  0.25296113 0.25312674
 0.25312796 0.2532674  0.25332272 0.25346118 0.2535046  0.25353384
 0.25357375 0.2537043  0.25375834 0.253695   0.25371283 0.25363463
 0.2535605  0.25361577 0.25345555 0.2534902  0.25353092 0.25341567
 0.25332645 0.25332558 0.2533696  0.25343505 0.25339636 0.25337923
 0.25328112 0.25329837 0.25319955 0.25340065 0.25342402 0.2535508
 0.25334126 0.253397   0.25338688 0.25336796 0.253373   0.25317457
 0.25310087 0.2528948  0.2525205  0.2524241  0.2523417  0.25232613]

Exchange_336_192_DLinear_custom_ftM_sl336_ll48_pl192_dm512_nh8_el2_dl1_df2048_fc1_ebtimeF_dtTrue_Exp_0  
mse:0.15655067563056946, mae:0.29289257526397705, rse:0.3046088218688965, corr:[0.24859533 0.24842177 0.24819484 0.24800195 0.24784812 0.24764231
 0.2474377  0.24727736 0.24704124 0.24676757 0.24646743 0.24631515
 0.24620983 0.24606235 0.24597988 0.24589191 0.24576919 0.24582347
 0.2457821  0.24571827 0.24567413 0.24565242 0.24567352 0.2456115
 0.2456255  0.24563682 0.24568431 0.2456465  0.2456189  0.24561217
 0.24561514 0.24557564 0.2455166  0.24547741 0.24541058 0.24529852
 0.24514832 0.2450798  0.24496116 0.24492027 0.24476151 0.24465923
 0.2445106  0.2443191  0.24420664 0.24408491 0.24401882 0.24393177
 0.24385802 0.24382599 0.24382609 0.24386849 0.24389774 0.24401726
 0.24419242 0.24436843 0.2445254  0.24461585 0.24469602 0.24478923
 0.24488698 0.24491613 0.24496096 0.24494392 0.24488899 0.24482717
 0.2447743  0.24474812 0.24473548 0.24473056 0.24469107 0.24464767
 0.24460647 0.24453887 0.24452479 0.24454461 0.24455017 0.24452321
 0.24450319 0.2445164  0.24453418 0.24458621 0.2446876  0.24479099
 0.24489318 0.24488086 0.24491553 0.24491352 0.24492653 0.2449163
 0.24490665 0.24487735 0.24480306 0.24477127 0.24474895 0.24468361
 0.24467532 0.2445721  0.2444765  0.24435742 0.24425596 0.2441349
 0.2440451  0.24394244 0.24388456 0.24381894 0.24375972 0.24371378
 0.2436256  0.24354033 0.24345037 0.24333133 0.24316825 0.24294263
 0.24266967 0.24239418 0.24225688 0.24200635 0.2417218  0.24146362
 0.24117465 0.24087726 0.24062535 0.24044162 0.24037935 0.2403233
 0.24028127 0.24021046 0.24008407 0.23996621 0.23984428 0.2396787
 0.23942412 0.23910594 0.23879291 0.23849349 0.23826425 0.23806275
 0.23783645 0.23761725 0.23733094 0.23711738 0.23693687 0.23680878
 0.23671608 0.23661609 0.23653682 0.23650016 0.23643585 0.23635249
 0.23630336 0.23623255 0.23607548 0.23594055 0.23577686 0.23565242
 0.23554021 0.23541008 0.23523447 0.23523681 0.2351746  0.23515181
 0.23502618 0.23473017 0.23437108 0.23402306 0.23396611 0.23381706
 0.23348232 0.2332838  0.23292013 0.2327617  0.232658   0.23257884
 0.232425   0.23205917 0.23174156 0.23160063 0.23124166 0.2308942
 0.23075445 0.2305788  0.23031911 0.23017804 0.23001957 0.22969855
 0.2294492  0.22938946 0.22927879 0.228944   0.22861378 0.2284827 ]

Exchange_336_336_DLinear_custom_ftM_sl336_ll48_pl336_dm512_nh8_el2_dl1_df2048_fc1_ebtimeF_dtTrue_Exp_0  
mse:0.30475249886512756, mae:0.4143952429294586, rse:0.4301011562347412, corr:[0.21830016 0.21801941 0.21781017 0.21746196 0.21705525 0.21663624
 0.21619672 0.21576454 0.21536446 0.21504182 0.21475288 0.21453142
 0.2143361  0.21415201 0.2140036  0.21385936 0.2137219  0.2135365
 0.21338592 0.21321093 0.21308433 0.21301052 0.21300632 0.21291086
 0.21286863 0.21277039 0.2125644  0.21237518 0.21213745 0.21197693
 0.21175925 0.21157655 0.21139976 0.21129535 0.21116191 0.21104297
 0.21099713 0.2109634  0.21080486 0.21073455 0.21063201 0.21062262
 0.21054398 0.2104581  0.21049449 0.2105009  0.21046165 0.21032943
 0.21014136 0.2100301  0.20997256 0.20993267 0.20988983 0.20985328
 0.20973732 0.20966384 0.20960246 0.2095929  0.20953172 0.20952989
 0.20944373 0.2093997  0.2092987  0.20921312 0.20914327 0.2091104
 0.20914806 0.20915085 0.20907384 0.2090808  0.20922272 0.20914173
 0.20903462 0.20908922 0.20916645 0.20912284 0.20920925 0.2091812
 0.20932317 0.20925313 0.2092233  0.20915437 0.20902614 0.20909837
 0.20906647 0.20894867 0.20879203 0.2086604  0.20862152 0.20854814
 0.20846656 0.2084105  0.2083134  0.20820524 0.20791273 0.2078401
 0.20766845 0.20761456 0.20742491 0.20720388 0.20707297 0.20686653
 0.20664966 0.20653293 0.2064186  0.20623332 0.20607315 0.20588182
 0.20567004 0.20555934 0.20538552 0.20527153 0.20509426 0.20481881
 0.20458743 0.20426647 0.20417537 0.20379394 0.2034891  0.20313121
 0.20274684 0.20250738 0.20240492 0.20226958 0.2020736  0.20188217
 0.20172545 0.20155649 0.20136009 0.20120601 0.20094594 0.20072192
 0.20032641 0.1998908  0.19960672 0.19940901 0.19925174 0.19903888
 0.19872385 0.19847015 0.19814529 0.19804956 0.19793308 0.19781747
 0.19763859 0.19741715 0.19723831 0.19694816 0.19659233 0.1964862
 0.19630222 0.19620374 0.19601633 0.19580182 0.19577463 0.19555855
 0.19551808 0.19535755 0.1951314  0.19502193 0.19492841 0.19477749
 0.19455189 0.19415405 0.19378242 0.19347739 0.19329998 0.19317742
 0.19285892 0.19264902 0.1923051  0.192103   0.19194809 0.19183038
 0.19166966 0.1913776  0.19110252 0.19091342 0.19078107 0.19053468
 0.1903775  0.19018222 0.19004406 0.1898019  0.18951435 0.18929334
 0.1891666  0.18900302 0.18893188 0.18856758 0.18842125 0.18836959
 0.18828464 0.18823102 0.18819197 0.18817529 0.18804245 0.18794826
 0.18779537 0.18773071 0.18770275 0.18762755 0.18752357 0.18731362
 0.18717618 0.18699689 0.18685137 0.1867736  0.18660294 0.18645172
 0.18630515 0.18609226 0.18598346 0.1858089  0.18562865 0.18538104
 0.18522689 0.18493915 0.18488625 0.18467025 0.18446563 0.18436278
 0.18425089 0.18418738 0.18404534 0.18392621 0.18369167 0.18373062
 0.18366368 0.18364432 0.18357837 0.18344799 0.18329363 0.18313755
 0.18299668 0.18285976 0.18281767 0.18273082 0.18253681 0.18233676
 0.1821643  0.18189216 0.18165217 0.18171257 0.18163949 0.1814806
 0.18118699 0.18098485 0.18060406 0.18038327 0.18009727 0.17990957
 0.17977206 0.17917609 0.17923458 0.17900985 0.17878929 0.17858356
 0.17822097 0.1782143  0.17799786 0.17792988 0.17781192 0.17738916
 0.17727624 0.17715675 0.17660661 0.17665496 0.17648746 0.1761763
 0.17610802 0.17569637 0.17547384 0.17543657 0.17509535 0.17474052
 0.17459767 0.1743581  0.17403759 0.17395248 0.1738357  0.17359832
 0.1734835  0.1731996  0.17311592 0.17316131 0.17289957 0.17283973
 0.17246658 0.17221656 0.17216988 0.17197174 0.17170855 0.17170882
 0.17129661 0.171299   0.17121689 0.1709374  0.17085531 0.1707588
 0.17031264 0.17042671 0.17000511 0.16999899 0.1695121  0.16951698
 0.16899833 0.16890056 0.16822965 0.16785723 0.16770668 0.16742544
 0.16710262 0.16679996 0.16663033 0.16629577 0.16611542 0.16585685
 0.1654817  0.16515186 0.16500267 0.16476291 0.1642876  0.1641437
 0.16406669 0.1636934  0.16354077 0.16301768 0.16278188 0.16275135
 0.16235931 0.16229142 0.1618872  0.16161731 0.16154422 0.161272  ]

Exchange_336_720_DLinear_custom_ftM_sl336_ll48_pl720_dm512_nh8_el2_dl1_df2048_fc1_ebtimeF_dtTrue_Exp_0  
mse:0.6432247161865234, mae:0.6011411547660828, rse:0.6325511336326599, corr:[0.17127858 0.16949098 0.17073108 0.16919506 0.16900581 0.1686243
 0.1673586  0.16706604 0.16749348 0.16657257 0.16398712 0.16350129
 0.16331409 0.16256939 0.16202185 0.16277225 0.16264328 0.16176325
 0.16245148 0.16175532 0.16051364 0.15875758 0.159278   0.15930523
 0.15861548 0.15894337 0.15676612 0.15604223 0.15319443 0.15255414
 0.1506907  0.1502821  0.1501027  0.14901687 0.14805679 0.14735577
 0.1460664  0.14551231 0.14459142 0.14474688 0.14265054 0.14117277
 0.1402384  0.13934909 0.13963163 0.13867898 0.13775659 0.1375743
 0.1368874  0.13583611 0.1339669  0.13286732 0.13245957 0.13220167
 0.13138065 0.13094397 0.13029392 0.12971939 0.129293   0.12880264
 0.12814623 0.12663744 0.12576225 0.12520275 0.12383656 0.12211847
 0.1205241  0.12040167 0.11821514 0.11776441 0.11794879 0.11554773
 0.11489353 0.11423228 0.11456457 0.11433949 0.11377467 0.11343889
 0.11183082 0.11157101 0.11150375 0.11034223 0.10962543 0.10893694
 0.10874566 0.10757114 0.1069527  0.10583889 0.10531937 0.10464834
 0.10371058 0.10363998 0.10151636 0.10081422 0.10024112 0.09951743
 0.09883888 0.09778617 0.09739495 0.096848   0.0956887  0.09483151
 0.09410263 0.09374388 0.09371183 0.09324878 0.09163601 0.09191465
 0.09090697 0.09083194 0.09166046 0.09026164 0.09098279 0.08977336
 0.09109725 0.08879075 0.08966893 0.08872973 0.08829597 0.08664364
 0.08662792 0.08592203 0.08506691 0.08487701 0.08499548 0.08395525
 0.08298486 0.08226665 0.08171204 0.08174663 0.08063629 0.07975047
 0.07948102 0.07888383 0.07829248 0.0781452  0.07752573 0.0767183
 0.07646709 0.0755785  0.07486877 0.0746698  0.07455198 0.07362591
 0.07324784 0.07260246 0.07242296 0.072113   0.0714395  0.07104329
 0.07028878 0.06966534 0.06928489 0.06844281 0.06756    0.06637032
 0.06586058 0.06535517 0.06471221 0.06360653 0.06263342 0.06187601
 0.0613692  0.0611611  0.06114952 0.06082743 0.06000303 0.05984738
 0.05966769 0.05928925 0.05921153 0.05879499 0.05797535 0.05767414
 0.05762303 0.05666951 0.056022   0.05562391 0.05500564 0.05431512
 0.05346896 0.05272425 0.05205993 0.05107766 0.05013175 0.05039537
 0.0493206  0.04886827 0.04774    0.04772193 0.04743946 0.04668793
 0.04616534 0.04573611 0.04515707 0.04427673 0.04347391 0.04263377
 0.04203401 0.04126498 0.04091029 0.04017035 0.03940992 0.03895645
 0.03820386 0.0375175  0.03713785 0.03673701 0.03640121 0.03606659
 0.03580072 0.03527534 0.03513493 0.03449232 0.03394002 0.03432695
 0.03377157 0.03415042 0.03388777 0.03431871 0.03403496 0.03432461
 0.03415262 0.03448166 0.03406879 0.03415365 0.03388929 0.03379805
 0.03368995 0.03399519 0.03417777 0.03380148 0.03434357 0.03467371
 0.03487206 0.03514682 0.03576659 0.03629648 0.03647906 0.03708774
 0.0374926  0.03792753 0.03838222 0.03842058 0.03819884 0.03810901
 0.03812097 0.03864695 0.03895617 0.0392711  0.03921623 0.03895092
 0.03927353 0.03941205 0.03997509 0.03975857 0.03986343 0.03965274
 0.03969944 0.03952695 0.03934669 0.03868555 0.038627   0.03795166
 0.03782361 0.03785212 0.03745767 0.03703917 0.03648547 0.03700851
 0.03706235 0.03733305 0.03737289 0.0378771  0.03759378 0.03736695
 0.03698613 0.03703183 0.03660205 0.03636549 0.03660903 0.03647189
 0.03656159 0.03630171 0.0364864  0.0362579  0.0365798  0.03644433
 0.0364828  0.03595058 0.03573383 0.03664134 0.03720085 0.03709286
 0.03686413 0.03672652 0.03686327 0.0367735  0.03681633 0.03737881
 0.03750882 0.03711138 0.03717208 0.03717411 0.03739288 0.03758399
 0.0375379  0.03742734 0.0372666  0.03745858 0.03741191 0.03741309
 0.03719211 0.03690642 0.03670416 0.03659821 0.03659555 0.03630865
 0.03581335 0.03554382 0.03517163 0.03539335 0.03557851 0.03521837
 0.03602343 0.03615991 0.0357818  0.03583053 0.03561462 0.03563678
 0.03542196 0.03511947 0.0349381  0.03488114 0.03483994 0.03494479
 0.03486448 0.03477955 0.03454372 0.03424258 0.0341488  0.03408852
 0.03408264 0.03399473 0.03388776 0.03442497 0.03461123 0.03473691
 0.03521792 0.03535915 0.03578542 0.0354011  0.03554911 0.03577666
 0.03558608 0.03533259 0.03502516 0.03490059 0.03464802 0.03451511
 0.03556788 0.03593412 0.03555404 0.03626213 0.03628793 0.0360628
 0.03650998 0.03619516 0.03624045 0.03563833 0.0362455  0.03695064
 0.03638075 0.03538483 0.03494999 0.03477702 0.03477272 0.03508296
 0.03598307 0.03734241 0.03820654 0.0385454  0.03922768 0.03976143
 0.04024007 0.04055789 0.04068622 0.04061345 0.04059216 0.04061125
 0.04067721 0.04104796 0.04136364 0.04156094 0.04182895 0.04189246
 0.04209181 0.04238392 0.04269185 0.04287424 0.04326768 0.04350196
 0.04381011 0.04396445 0.04404764 0.04388327 0.04416332 0.04454648
 0.04479234 0.04505624 0.04553465 0.04607812 0.04637838 0.04666061
 0.04710822 0.04773674 0.04825614 0.0485251  0.0488123  0.04898309
 0.04900129 0.04879798 0.04887689 0.04886559 0.04867302 0.04863116
 0.04845904 0.04831839 0.04835168 0.04842501 0.04855264 0.04868343
 0.04893094 0.04910557 0.04929605 0.04959866 0.0496842  0.04987603
 0.05012001 0.05026319 0.05036697 0.05053461 0.05081137 0.05100453
 0.0513624  0.05122634 0.05156612 0.05128392 0.05147802 0.05146612
 0.05074967 0.05079433 0.0506568  0.05134675 0.05097425 0.05126589
 0.05090358 0.05135411 0.05163317 0.05231806 0.05254378 0.05336041
 0.05386423 0.05430183 0.05460447 0.05470467 0.05543213 0.05619299
 0.05675757 0.05673448 0.05688045 0.05696303 0.05694758 0.05722646
 0.05686852 0.05701668 0.05718403 0.0576313  0.0576342  0.05785517
 0.05770855 0.05805273 0.0582343  0.05850493 0.05807789 0.05820201
 0.05864106 0.05877348 0.05838001 0.05800883 0.05716493 0.0566432
 0.05646348 0.05621895 0.05612844 0.05562871 0.05538323 0.05596747
 0.05578732 0.05582716 0.05596577 0.05651603 0.05704599 0.05679123
 0.05576899 0.05618805 0.05544611 0.05558578 0.0551553  0.05490585
 0.05495505 0.05495986 0.05507303 0.05465009 0.05427739 0.05455355
 0.05505979 0.05406515 0.054678   0.05497659 0.05579025 0.05509962
 0.05483274 0.0541417  0.05475198 0.05500766 0.05545519 0.05568732
 0.05625541 0.05642084 0.05787538 0.05719609 0.05611202 0.05660947
 0.0567902  0.05622379 0.05615349 0.05633894 0.05683375 0.05597263
 0.05627994 0.05605901 0.05587914 0.05633351 0.05550277 0.05687702
 0.05560931 0.05591345 0.05494813 0.05413545 0.05402591 0.05484772
 0.05425682 0.05510698 0.05408758 0.05341531 0.05295619 0.05258218
 0.05341696 0.05286168 0.05343785 0.05245855 0.05445337 0.05525588
 0.05496547 0.05616685 0.05645077 0.05613231 0.05648049 0.05761861
 0.05814805 0.05729022 0.05868724 0.05789057 0.05830754 0.05781163
 0.05861723 0.05960194 0.05943044 0.05921744 0.05862459 0.05905355
 0.05923086 0.05933153 0.05900027 0.05973111 0.0598433  0.05955604
 0.0589312  0.05892057 0.0593574  0.05956617 0.05972172 0.05995959
 0.05605341 0.05763483 0.05298979 0.0540122  0.05501872 0.05870252
 0.05976553 0.05859439 0.05975755 0.05572419 0.05707897 0.05943186
 0.05386142 0.05784846 0.05759673 0.05985551 0.05978255 0.05939861
 0.0595835  0.05855368 0.05907639 0.05900597 0.05730399 0.05775161
 0.05462167 0.05241242 0.05321819 0.05338803 0.05086132 0.04803701
 0.04715622 0.04343436 0.0440932  0.03933798 0.03853103 0.03938552
 0.04712577 0.05052569 0.04732132 0.05051659 0.05221169 0.05253565
 0.04483169 0.04231185 0.04546096 0.04664247 0.04130859 0.0479212
 0.04536285 0.04915201 0.04426176 0.04963984 0.04087064 0.05096841
 0.04950341 0.05012792 0.04488318 0.04720542 0.04601254 0.04661007
 0.04890741 0.05216785 0.06349386 0.06246928 0.06193222 0.06215655
 0.06068573 0.05759727 0.06794426 0.06921308 0.05605473 0.05877227
 0.05803252 0.05928263 0.05859481 0.05032225 0.05517739 0.04805726
 0.05293383 0.0664462  0.06597098 0.07166683 0.07522971 0.07380652
 0.06296851 0.06893107 0.07417183 0.0701262  0.06043215 0.06519564
 0.06678751 0.06363552 0.06529103 0.06574811 0.05630131 0.06800988
 0.0736046  0.07878909 0.07781649 0.06823701 0.06531768 0.06483467
 0.05455497 0.05995246 0.06392715 0.06672097 0.07201281 0.067801
 0.06738286 0.07304537 0.08433352 0.07921065 0.08359691 0.06447993
 0.06107473 0.0429491  0.07464151 0.06245922 0.05996228 0.0621783
 0.06482057 0.07082316 0.08165534 0.07675402 0.07584996 0.08223698]

Exchange_336_96_DLinear_custom_ftM_sl336_ll48_pl96_dm512_nh8_el2_dl1_df2048_fc1_ebtimeF_dtTrue_Exp_0  
mse:0.0806451141834259, mae:0.2029162496328354, rse:0.2160225659608841, corr:[0.2563184  0.25604016 0.25585094 0.255647   0.25536013 0.25514075
 0.25480202 0.25477856 0.25467777 0.2544065  0.25428316 0.2544441
 0.25454247 0.25449777 0.2544918  0.25446403 0.2545544  0.25460705
 0.25454122 0.2546915  0.25469506 0.25478888 0.2548043  0.25474232
 0.2545743  0.25453106 0.25444978 0.25444886 0.25450677 0.25456622
 0.25453824 0.25454542 0.25455582 0.25448728 0.25436434 0.25437492
 0.2542828  0.25413102 0.25402835 0.25398663 0.2537907  0.25368193
 0.253435   0.2533264  0.2532105  0.2530407  0.25298366 0.25285774
 0.2529394  0.2529187  0.25294736 0.2529442  0.25296113 0.25312674
 0.25312796 0.2532674  0.25332272 0.25346118 0.2535046  0.25353384
 0.25357375 0.2537043  0.25375834 0.253695   0.25371283 0.25363463
 0.2535605  0.25361577 0.25345555 0.2534902  0.25353092 0.25341567
 0.25332645 0.25332558 0.2533696  0.25343505 0.25339636 0.25337923
 0.25328112 0.25329837 0.25319955 0.25340065 0.25342402 0.2535508
 0.25334126 0.253397   0.25338688 0.25336796 0.253373   0.25317457
 0.25310087 0.2528948  0.2525205  0.2524241  0.2523417  0.25232613]

Exchange_336_192_DLinear_custom_ftM_sl336_ll48_pl192_dm512_nh8_el2_dl1_df2048_fc1_ebtimeF_dtTrue_Exp_0  
mse:0.15655067563056946, mae:0.29289257526397705, rse:0.3046088218688965, corr:[0.24859533 0.24842177 0.24819484 0.24800195 0.24784812 0.24764231
 0.2474377  0.24727736 0.24704124 0.24676757 0.24646743 0.24631515
 0.24620983 0.24606235 0.24597988 0.24589191 0.24576919 0.24582347
 0.2457821  0.24571827 0.24567413 0.24565242 0.24567352 0.2456115
 0.2456255  0.24563682 0.24568431 0.2456465  0.2456189  0.24561217
 0.24561514 0.24557564 0.2455166  0.24547741 0.24541058 0.24529852
 0.24514832 0.2450798  0.24496116 0.24492027 0.24476151 0.24465923
 0.2445106  0.2443191  0.24420664 0.24408491 0.24401882 0.24393177
 0.24385802 0.24382599 0.24382609 0.24386849 0.24389774 0.24401726
 0.24419242 0.24436843 0.2445254  0.24461585 0.24469602 0.24478923
 0.24488698 0.24491613 0.24496096 0.24494392 0.24488899 0.24482717
 0.2447743  0.24474812 0.24473548 0.24473056 0.24469107 0.24464767
 0.24460647 0.24453887 0.24452479 0.24454461 0.24455017 0.24452321
 0.24450319 0.2445164  0.24453418 0.24458621 0.2446876  0.24479099
 0.24489318 0.24488086 0.24491553 0.24491352 0.24492653 0.2449163
 0.24490665 0.24487735 0.24480306 0.24477127 0.24474895 0.24468361
 0.24467532 0.2445721  0.2444765  0.24435742 0.24425596 0.2441349
 0.2440451  0.24394244 0.24388456 0.24381894 0.24375972 0.24371378
 0.2436256  0.24354033 0.24345037 0.24333133 0.24316825 0.24294263
 0.24266967 0.24239418 0.24225688 0.24200635 0.2417218  0.24146362
 0.24117465 0.24087726 0.24062535 0.24044162 0.24037935 0.2403233
 0.24028127 0.24021046 0.24008407 0.23996621 0.23984428 0.2396787
 0.23942412 0.23910594 0.23879291 0.23849349 0.23826425 0.23806275
 0.23783645 0.23761725 0.23733094 0.23711738 0.23693687 0.23680878
 0.23671608 0.23661609 0.23653682 0.23650016 0.23643585 0.23635249
 0.23630336 0.23623255 0.23607548 0.23594055 0.23577686 0.23565242
 0.23554021 0.23541008 0.23523447 0.23523681 0.2351746  0.23515181
 0.23502618 0.23473017 0.23437108 0.23402306 0.23396611 0.23381706
 0.23348232 0.2332838  0.23292013 0.2327617  0.232658   0.23257884
 0.232425   0.23205917 0.23174156 0.23160063 0.23124166 0.2308942
 0.23075445 0.2305788  0.23031911 0.23017804 0.23001957 0.22969855
 0.2294492  0.22938946 0.22927879 0.228944   0.22861378 0.2284827 ]

Exchange_336_336_DLinear_custom_ftM_sl336_ll48_pl336_dm512_nh8_el2_dl1_df2048_fc1_ebtimeF_dtTrue_Exp_0  
mse:0.30475249886512756, mae:0.4143952429294586, rse:0.4301011562347412, corr:[0.21830016 0.21801941 0.21781017 0.21746196 0.21705525 0.21663624
 0.21619672 0.21576454 0.21536446 0.21504182 0.21475288 0.21453142
 0.2143361  0.21415201 0.2140036  0.21385936 0.2137219  0.2135365
 0.21338592 0.21321093 0.21308433 0.21301052 0.21300632 0.21291086
 0.21286863 0.21277039 0.2125644  0.21237518 0.21213745 0.21197693
 0.21175925 0.21157655 0.21139976 0.21129535 0.21116191 0.21104297
 0.21099713 0.2109634  0.21080486 0.21073455 0.21063201 0.21062262
 0.21054398 0.2104581  0.21049449 0.2105009  0.21046165 0.21032943
 0.21014136 0.2100301  0.20997256 0.20993267 0.20988983 0.20985328
 0.20973732 0.20966384 0.20960246 0.2095929  0.20953172 0.20952989
 0.20944373 0.2093997  0.2092987  0.20921312 0.20914327 0.2091104
 0.20914806 0.20915085 0.20907384 0.2090808  0.20922272 0.20914173
 0.20903462 0.20908922 0.20916645 0.20912284 0.20920925 0.2091812
 0.20932317 0.20925313 0.2092233  0.20915437 0.20902614 0.20909837
 0.20906647 0.20894867 0.20879203 0.2086604  0.20862152 0.20854814
 0.20846656 0.2084105  0.2083134  0.20820524 0.20791273 0.2078401
 0.20766845 0.20761456 0.20742491 0.20720388 0.20707297 0.20686653
 0.20664966 0.20653293 0.2064186  0.20623332 0.20607315 0.20588182
 0.20567004 0.20555934 0.20538552 0.20527153 0.20509426 0.20481881
 0.20458743 0.20426647 0.20417537 0.20379394 0.2034891  0.20313121
 0.20274684 0.20250738 0.20240492 0.20226958 0.2020736  0.20188217
 0.20172545 0.20155649 0.20136009 0.20120601 0.20094594 0.20072192
 0.20032641 0.1998908  0.19960672 0.19940901 0.19925174 0.19903888
 0.19872385 0.19847015 0.19814529 0.19804956 0.19793308 0.19781747
 0.19763859 0.19741715 0.19723831 0.19694816 0.19659233 0.1964862
 0.19630222 0.19620374 0.19601633 0.19580182 0.19577463 0.19555855
 0.19551808 0.19535755 0.1951314  0.19502193 0.19492841 0.19477749
 0.19455189 0.19415405 0.19378242 0.19347739 0.19329998 0.19317742
 0.19285892 0.19264902 0.1923051  0.192103   0.19194809 0.19183038
 0.19166966 0.1913776  0.19110252 0.19091342 0.19078107 0.19053468
 0.1903775  0.19018222 0.19004406 0.1898019  0.18951435 0.18929334
 0.1891666  0.18900302 0.18893188 0.18856758 0.18842125 0.18836959
 0.18828464 0.18823102 0.18819197 0.18817529 0.18804245 0.18794826
 0.18779537 0.18773071 0.18770275 0.18762755 0.18752357 0.18731362
 0.18717618 0.18699689 0.18685137 0.1867736  0.18660294 0.18645172
 0.18630515 0.18609226 0.18598346 0.1858089  0.18562865 0.18538104
 0.18522689 0.18493915 0.18488625 0.18467025 0.18446563 0.18436278
 0.18425089 0.18418738 0.18404534 0.18392621 0.18369167 0.18373062
 0.18366368 0.18364432 0.18357837 0.18344799 0.18329363 0.18313755
 0.18299668 0.18285976 0.18281767 0.18273082 0.18253681 0.18233676
 0.1821643  0.18189216 0.18165217 0.18171257 0.18163949 0.1814806
 0.18118699 0.18098485 0.18060406 0.18038327 0.18009727 0.17990957
 0.17977206 0.17917609 0.17923458 0.17900985 0.17878929 0.17858356
 0.17822097 0.1782143  0.17799786 0.17792988 0.17781192 0.17738916
 0.17727624 0.17715675 0.17660661 0.17665496 0.17648746 0.1761763
 0.17610802 0.17569637 0.17547384 0.17543657 0.17509535 0.17474052
 0.17459767 0.1743581  0.17403759 0.17395248 0.1738357  0.17359832
 0.1734835  0.1731996  0.17311592 0.17316131 0.17289957 0.17283973
 0.17246658 0.17221656 0.17216988 0.17197174 0.17170855 0.17170882
 0.17129661 0.171299   0.17121689 0.1709374  0.17085531 0.1707588
 0.17031264 0.17042671 0.17000511 0.16999899 0.1695121  0.16951698
 0.16899833 0.16890056 0.16822965 0.16785723 0.16770668 0.16742544
 0.16710262 0.16679996 0.16663033 0.16629577 0.16611542 0.16585685
 0.1654817  0.16515186 0.16500267 0.16476291 0.1642876  0.1641437
 0.16406669 0.1636934  0.16354077 0.16301768 0.16278188 0.16275135
 0.16235931 0.16229142 0.1618872  0.16161731 0.16154422 0.161272  ]

Exchange_336_720_DLinear_custom_ftM_sl336_ll48_pl720_dm512_nh8_el2_dl1_df2048_fc1_ebtimeF_dtTrue_Exp_0  
mse:0.6432247161865234, mae:0.6011411547660828, rse:0.6325511336326599, corr:[0.17127858 0.16949098 0.17073108 0.16919506 0.16900581 0.1686243
 0.1673586  0.16706604 0.16749348 0.16657257 0.16398712 0.16350129
 0.16331409 0.16256939 0.16202185 0.16277225 0.16264328 0.16176325
 0.16245148 0.16175532 0.16051364 0.15875758 0.159278   0.15930523
 0.15861548 0.15894337 0.15676612 0.15604223 0.15319443 0.15255414
 0.1506907  0.1502821  0.1501027  0.14901687 0.14805679 0.14735577
 0.1460664  0.14551231 0.14459142 0.14474688 0.14265054 0.14117277
 0.1402384  0.13934909 0.13963163 0.13867898 0.13775659 0.1375743
 0.1368874  0.13583611 0.1339669  0.13286732 0.13245957 0.13220167
 0.13138065 0.13094397 0.13029392 0.12971939 0.129293   0.12880264
 0.12814623 0.12663744 0.12576225 0.12520275 0.12383656 0.12211847
 0.1205241  0.12040167 0.11821514 0.11776441 0.11794879 0.11554773
 0.11489353 0.11423228 0.11456457 0.11433949 0.11377467 0.11343889
 0.11183082 0.11157101 0.11150375 0.11034223 0.10962543 0.10893694
 0.10874566 0.10757114 0.1069527  0.10583889 0.10531937 0.10464834
 0.10371058 0.10363998 0.10151636 0.10081422 0.10024112 0.09951743
 0.09883888 0.09778617 0.09739495 0.096848   0.0956887  0.09483151
 0.09410263 0.09374388 0.09371183 0.09324878 0.09163601 0.09191465
 0.09090697 0.09083194 0.09166046 0.09026164 0.09098279 0.08977336
 0.09109725 0.08879075 0.08966893 0.08872973 0.08829597 0.08664364
 0.08662792 0.08592203 0.08506691 0.08487701 0.08499548 0.08395525
 0.08298486 0.08226665 0.08171204 0.08174663 0.08063629 0.07975047
 0.07948102 0.07888383 0.07829248 0.0781452  0.07752573 0.0767183
 0.07646709 0.0755785  0.07486877 0.0746698  0.07455198 0.07362591
 0.07324784 0.07260246 0.07242296 0.072113   0.0714395  0.07104329
 0.07028878 0.06966534 0.06928489 0.06844281 0.06756    0.06637032
 0.06586058 0.06535517 0.06471221 0.06360653 0.06263342 0.06187601
 0.0613692  0.0611611  0.06114952 0.06082743 0.06000303 0.05984738
 0.05966769 0.05928925 0.05921153 0.05879499 0.05797535 0.05767414
 0.05762303 0.05666951 0.056022   0.05562391 0.05500564 0.05431512
 0.05346896 0.05272425 0.05205993 0.05107766 0.05013175 0.05039537
 0.0493206  0.04886827 0.04774    0.04772193 0.04743946 0.04668793
 0.04616534 0.04573611 0.04515707 0.04427673 0.04347391 0.04263377
 0.04203401 0.04126498 0.04091029 0.04017035 0.03940992 0.03895645
 0.03820386 0.0375175  0.03713785 0.03673701 0.03640121 0.03606659
 0.03580072 0.03527534 0.03513493 0.03449232 0.03394002 0.03432695
 0.03377157 0.03415042 0.03388777 0.03431871 0.03403496 0.03432461
 0.03415262 0.03448166 0.03406879 0.03415365 0.03388929 0.03379805
 0.03368995 0.03399519 0.03417777 0.03380148 0.03434357 0.03467371
 0.03487206 0.03514682 0.03576659 0.03629648 0.03647906 0.03708774
 0.0374926  0.03792753 0.03838222 0.03842058 0.03819884 0.03810901
 0.03812097 0.03864695 0.03895617 0.0392711  0.03921623 0.03895092
 0.03927353 0.03941205 0.03997509 0.03975857 0.03986343 0.03965274
 0.03969944 0.03952695 0.03934669 0.03868555 0.038627   0.03795166
 0.03782361 0.03785212 0.03745767 0.03703917 0.03648547 0.03700851
 0.03706235 0.03733305 0.03737289 0.0378771  0.03759378 0.03736695
 0.03698613 0.03703183 0.03660205 0.03636549 0.03660903 0.03647189
 0.03656159 0.03630171 0.0364864  0.0362579  0.0365798  0.03644433
 0.0364828  0.03595058 0.03573383 0.03664134 0.03720085 0.03709286
 0.03686413 0.03672652 0.03686327 0.0367735  0.03681633 0.03737881
 0.03750882 0.03711138 0.03717208 0.03717411 0.03739288 0.03758399
 0.0375379  0.03742734 0.0372666  0.03745858 0.03741191 0.03741309
 0.03719211 0.03690642 0.03670416 0.03659821 0.03659555 0.03630865
 0.03581335 0.03554382 0.03517163 0.03539335 0.03557851 0.03521837
 0.03602343 0.03615991 0.0357818  0.03583053 0.03561462 0.03563678
 0.03542196 0.03511947 0.0349381  0.03488114 0.03483994 0.03494479
 0.03486448 0.03477955 0.03454372 0.03424258 0.0341488  0.03408852
 0.03408264 0.03399473 0.03388776 0.03442497 0.03461123 0.03473691
 0.03521792 0.03535915 0.03578542 0.0354011  0.03554911 0.03577666
 0.03558608 0.03533259 0.03502516 0.03490059 0.03464802 0.03451511
 0.03556788 0.03593412 0.03555404 0.03626213 0.03628793 0.0360628
 0.03650998 0.03619516 0.03624045 0.03563833 0.0362455  0.03695064
 0.03638075 0.03538483 0.03494999 0.03477702 0.03477272 0.03508296
 0.03598307 0.03734241 0.03820654 0.0385454  0.03922768 0.03976143
 0.04024007 0.04055789 0.04068622 0.04061345 0.04059216 0.04061125
 0.04067721 0.04104796 0.04136364 0.04156094 0.04182895 0.04189246
 0.04209181 0.04238392 0.04269185 0.04287424 0.04326768 0.04350196
 0.04381011 0.04396445 0.04404764 0.04388327 0.04416332 0.04454648
 0.04479234 0.04505624 0.04553465 0.04607812 0.04637838 0.04666061
 0.04710822 0.04773674 0.04825614 0.0485251  0.0488123  0.04898309
 0.04900129 0.04879798 0.04887689 0.04886559 0.04867302 0.04863116
 0.04845904 0.04831839 0.04835168 0.04842501 0.04855264 0.04868343
 0.04893094 0.04910557 0.04929605 0.04959866 0.0496842  0.04987603
 0.05012001 0.05026319 0.05036697 0.05053461 0.05081137 0.05100453
 0.0513624  0.05122634 0.05156612 0.05128392 0.05147802 0.05146612
 0.05074967 0.05079433 0.0506568  0.05134675 0.05097425 0.05126589
 0.05090358 0.05135411 0.05163317 0.05231806 0.05254378 0.05336041
 0.05386423 0.05430183 0.05460447 0.05470467 0.05543213 0.05619299
 0.05675757 0.05673448 0.05688045 0.05696303 0.05694758 0.05722646
 0.05686852 0.05701668 0.05718403 0.0576313  0.0576342  0.05785517
 0.05770855 0.05805273 0.0582343  0.05850493 0.05807789 0.05820201
 0.05864106 0.05877348 0.05838001 0.05800883 0.05716493 0.0566432
 0.05646348 0.05621895 0.05612844 0.05562871 0.05538323 0.05596747
 0.05578732 0.05582716 0.05596577 0.05651603 0.05704599 0.05679123
 0.05576899 0.05618805 0.05544611 0.05558578 0.0551553  0.05490585
 0.05495505 0.05495986 0.05507303 0.05465009 0.05427739 0.05455355
 0.05505979 0.05406515 0.054678   0.05497659 0.05579025 0.05509962
 0.05483274 0.0541417  0.05475198 0.05500766 0.05545519 0.05568732
 0.05625541 0.05642084 0.05787538 0.05719609 0.05611202 0.05660947
 0.0567902  0.05622379 0.05615349 0.05633894 0.05683375 0.05597263
 0.05627994 0.05605901 0.05587914 0.05633351 0.05550277 0.05687702
 0.05560931 0.05591345 0.05494813 0.05413545 0.05402591 0.05484772
 0.05425682 0.05510698 0.05408758 0.05341531 0.05295619 0.05258218
 0.05341696 0.05286168 0.05343785 0.05245855 0.05445337 0.05525588
 0.05496547 0.05616685 0.05645077 0.05613231 0.05648049 0.05761861
 0.05814805 0.05729022 0.05868724 0.05789057 0.05830754 0.05781163
 0.05861723 0.05960194 0.05943044 0.05921744 0.05862459 0.05905355
 0.05923086 0.05933153 0.05900027 0.05973111 0.0598433  0.05955604
 0.0589312  0.05892057 0.0593574  0.05956617 0.05972172 0.05995959
 0.05605341 0.05763483 0.05298979 0.0540122  0.05501872 0.05870252
 0.05976553 0.05859439 0.05975755 0.05572419 0.05707897 0.05943186
 0.05386142 0.05784846 0.05759673 0.05985551 0.05978255 0.05939861
 0.0595835  0.05855368 0.05907639 0.05900597 0.05730399 0.05775161
 0.05462167 0.05241242 0.05321819 0.05338803 0.05086132 0.04803701
 0.04715622 0.04343436 0.0440932  0.03933798 0.03853103 0.03938552
 0.04712577 0.05052569 0.04732132 0.05051659 0.05221169 0.05253565
 0.04483169 0.04231185 0.04546096 0.04664247 0.04130859 0.0479212
 0.04536285 0.04915201 0.04426176 0.04963984 0.04087064 0.05096841
 0.04950341 0.05012792 0.04488318 0.04720542 0.04601254 0.04661007
 0.04890741 0.05216785 0.06349386 0.06246928 0.06193222 0.06215655
 0.06068573 0.05759727 0.06794426 0.06921308 0.05605473 0.05877227
 0.05803252 0.05928263 0.05859481 0.05032225 0.05517739 0.04805726
 0.05293383 0.0664462  0.06597098 0.07166683 0.07522971 0.07380652
 0.06296851 0.06893107 0.07417183 0.0701262  0.06043215 0.06519564
 0.06678751 0.06363552 0.06529103 0.06574811 0.05630131 0.06800988
 0.0736046  0.07878909 0.07781649 0.06823701 0.06531768 0.06483467
 0.05455497 0.05995246 0.06392715 0.06672097 0.07201281 0.067801
 0.06738286 0.07304537 0.08433352 0.07921065 0.08359691 0.06447993
 0.06107473 0.0429491  0.07464151 0.06245922 0.05996228 0.0621783
 0.06482057 0.07082316 0.08165534 0.07675402 0.07584996 0.08223698]

